00000
00001
00002
00003
00005
00006
00007
00008
00010
00011
00026
00028
00030
00031
00032
00033
00034
00036
00037
00038
00039
00052
00053
00054
00055
00056
00057
00058
00059
00060
00061
00062
00065
00066
00067
00069
00070
00071
00072
00073
00074
00075
00076
00077
00086
00087
00089
00093
00096
00097
00098
00099
00100
00101
00102
00103
00104
00105
00106
00107
00108
00109
00110
00111
00112
00113
00114
00115
00116
00117
00118
00119
00120
00121
00122
00123
00124
00125
00126
00128
00129
00130
00131
00132
00134
00135
00136
00137
00138
00139
00140
00141
00142
00143
00144
00145
00146
00148
00149
00150
00151
00152
2
4
1